541	244	15
0.15826699137687683	1.8311117887496948	-0.3609521985054016	0.7384921312332153	0.6411516666412354	1.0	0	0.0	0	0.0	0	0.0	-1.0	0.0	0.9999980926513672	0.0	-0.0019797999411821365	0.0019797999411821365	0.0	0.9999980926513672
0.0	1.8311117887496948	0.36095279455184937	0.7163735032081604	0.7420419454574585	1.0	0	0.0	0	0.0	0	0.0	-1.0	0.0	0.9999980926513672	0.0	-0.0019798665307462215	0.0019798665307462215	0.0	0.9999980926513672
0.0	1.8311117887496948	-0.3609521985054016	0.7163735032081604	0.6411078572273254	1.0	0	0.0	0	0.0	0	0.0	-1.0	0.0	0.9999980926513672	0.0	-0.0019797871354967356	0.0019797871354967356	0.0	0.9999980926513672
0.876414954662323	2.5530166625976562	-0.3609521985054016	0.8989847898483276	0.14104606211185455	1.0	0	0.0	0	0.0	0	0.927564263343811	-0.37366363406181335	0.0	1.4043998817214742e-06	3.486213245196268e-06	1.0	-0.37366363406181335	-0.927564263343811	3.7584600249829236e-06
0.6631506681442261	2.0236198902130127	0.36095279455184937	1.0	0.21651451289653778	1.0	0	0.0	0	0.0	0	0.927564263343811	-0.37366363406181335	0.0	1.4043997680346365e-06	3.4862130178225925e-06	1.0	-0.37366363406181335	-0.927564263343811	3.7584595702355728e-06
0.6631506681442261	2.0236198902130127	-0.3609521985054016	0.8989855647087097	0.21651415526866913	1.0	0	0.0	0	0.0	0	0.927564263343811	-0.37366363406181335	0.0	1.4043997680346365e-06	3.4862130178225925e-06	1.0	-0.37366363406181335	-0.927564263343811	3.7584595702355728e-06
0.0	2.5530166625976562	-0.3609521985054016	0.44977542757987976	0.28985923528671265	1.0	0	0.0	0	0.0	0	0.0	0.0	-1.0	1.0	0.00011952501517953351	0.0	0.00011952501517953351	-1.0	0.0
0.6631506681442261	2.0236198902130127	-0.3609521985054016	0.5425648093223572	0.3639408349990845	1.0	0	0.0	0	0.0	0	0.0	0.0	-1.0	1.0	0.0001195250079035759	0.0	0.0001195250079035759	-1.0	0.0
0.0	2.0236198902130127	-0.3609521985054016	0.44977542757987976	0.36392974853515625	1.0	0	0.0	0	0.0	0	0.0	0.0	-1.0	1.0	0.00011952500062761828	0.0	0.00011952500062761828	-1.0	0.0
0.0	3.562256336212158	-0.3609521985054016	0.44977542757987976	0.14865152537822723	1.0	0	0.0	0	0.0	0	0.0	0.0	-1.0	1.0	0.00011965186422457919	0.0	0.00011965186422457919	-1.0	0.0
0.876414954662323	4.272436141967773	-0.3609521985054016	0.572405219078064	0.049301452934741974	1.0	0	0.0	0	0.0	0	0.0	0.0	-1.0	1.0	0.00011966194142587483	0.0	0.00011966194142587483	-1.0	0.0
0.876414954662323	3.562255859375	-0.3609521985054016	0.572405219078064	0.14866626262664795	1.0	0	0.0	0	0.0	0	0.0	0.0	-1.0	1.0	0.0001196947050630115	0.0	0.0001196947050630115	-1.0	0.0
0.6631506681442261	2.0236198902130127	0.36095279455184937	0.3570343852043152	0.36395251750946045	1.0	0	0.0	0	0.0	0	0.0	0.0	1.0	-0.9999999403953552	-0.0004010616394225508	0.0	0.0004010616394225508	-0.9999999403953552	0.0
0.0	2.5530166625976562	0.36095279455184937	0.4497753977775574	0.2898433804512024	1.0	0	0.0	0	0.0	0	0.0	0.0	1.0	-1.0	-0.0004010530246887356	0.0	0.0004010530246887356	-1.0	0.0
0.0	2.0236198902130127	0.36095279455184937	0.4497753977775574	0.3639152944087982	1.0	0	0.0	0	0.0	0	0.0	0.0	1.0	-1.0	-0.0004011696728412062	0.0	0.0004011696728412062	-1.0	0.0
0.0	4.272436141967773	-0.3609521985054016	0.44977542757987976	0.049286775290966034	1.0	0	0.0	0	0.0	0	0.0	0.4573364853858948	-0.8892937302589417	1.0	0.0001188742317026481	6.113337440183386e-05	0.00013367264182306826	-0.8892937302589417	-0.4573364853858948
0.2699994742870331	4.470458507537842	-0.2591153681278229	0.48768121004104614	0.021393291652202606	1.0	0	0.0	0	0.0	0	0.0	0.4573364853858948	-0.8892937302589417	1.0	0.00011887422442669049	6.113336712587625e-05	0.00013367262727115303	-0.8892937302589417	-0.4573364853858948
0.876414954662323	4.272436141967773	-0.3609521985054016	0.572405219078064	0.049301452934741974	1.0	0	0.0	0	0.0	0	0.0	0.4573364853858948	-0.8892937302589417	1.0	0.0001188742317026481	6.113337440183386e-05	0.00013367264182306826	-0.8892937302589417	-0.4573364853858948
0.876414954662323	4.272436141967773	0.36095279455184937	0.9999329447746277	0.5810198783874512	1.0	0	0.0	0	0.0	0	0.5959045886993408	0.8030552864074707	0.0	-0.0014958771644160151	0.0011100108968093991	0.9999982118606567	0.8030538558959961	-0.5959035158157349	0.0018627326935529709
1.095021367073059	4.110219955444336	-0.19605785608291626	0.9212608933448792	0.6131856441497803	1.0	9	0.0	0	0.0	0	0.5959045886993408	0.8030552864074707	0.0	-0.0014958775136619806	0.001110011013224721	0.9999983310699463	0.8030538558959961	-0.5959035158157349	0.0018627326935529709
0.876414954662323	4.272436141967773	-0.3609521985054016	0.8989847302436829	0.5808603763580322	1.0	0	0.0	0	0.0	0	0.5959045886993408	0.8030552864074707	0.0	-0.001495877280831337	0.0011100108968093991	0.9999982714653015	0.8030537962913513	-0.5959035158157349	0.0018627324607223272
0.876414954662323	3.562255859375	0.36095279455184937	0.32720956206321716	0.14868225157260895	1.0	0	0.0	0	0.0	0	0.0	0.0	1.0	-0.9999998807907104	-0.0004010172269772738	0.0	0.0004010172269772738	-0.9999998807907104	0.0
0.0	4.272436141967773	0.36095279455184937	0.4497753977775574	0.049266424030065536	1.0	0	0.0	0	0.0	0	0.0	0.0	1.0	-0.9999999403953552	-0.00040100020123645663	0.0	0.00040100020123645663	-0.9999999403953552	0.0
0.0	3.562255859375	0.36095279455184937	0.4497753977775574	0.14863307774066925	1.0	0	0.0	0	0.0	0	0.0	0.0	1.0	-1.0	-0.00040101257036440074	0.0	0.00040101257036440074	-1.0	0.0
0.876414954662323	2.5530166625976562	0.36095279455184937	0.32720956206321716	0.2898925542831421	1.0	0	0.0	0	0.0	0	0.0	0.0	1.0	-1.0	-0.0004010057309642434	0.0	0.0004010057309642434	-1.0	0.0
0.0	2.9891161918640137	0.36095279455184937	0.4497753977775574	0.2288253903388977	1.0	0	0.0	0	0.0	0	0.0	0.0	1.0	-0.9999999403953552	-0.00040100692422129214	0.0	0.00040100692422129214	-0.9999999403953552	0.0
0.876414954662323	2.9891161918640137	0.36095279455184937	0.32720956206321716	0.2288745641708374	1.0	0	0.0	0	0.0	0	0.0	0.0	1.0	-1.0	-0.0004010158882010728	0.0	0.0004010158882010728	-1.0	0.0
0.876414954662323	2.5530166625976562	-0.3609521985054016	0.8989847898483276	0.14104606211185455	1.0	0	0.0	0	0.0	0	1.0	0.0	0.0	0.0	3.658660034489003e-06	1.0	0.0	-1.0	3.658660034489003e-06
0.876414954662323	2.9891161918640137	0.36095279455184937	0.9999995231628418	0.08009940385818481	1.0	0	0.0	0	0.0	0	1.0	0.0	0.0	0.0	3.646579216365353e-06	1.0	0.0	-1.0	3.646579216365353e-06
0.876414954662323	2.5530166625976562	0.36095279455184937	0.9999992251396179	0.1410464346408844	1.0	0	0.0	0	0.0	0	1.0	0.0	0.0	0.0	3.692437303470797e-06	1.0	0.0	-1.0	3.692437303470797e-06
0.876414954662323	2.9891161918640137	-0.3609521985054016	0.8989850878715515	0.08009903877973557	1.0	0	0.0	0	0.0	0	1.0	0.0	0.0	0.0	3.6265962535253493e-06	1.0	0.0	-1.0	3.6265962535253493e-06
0.876414954662323	3.562255859375	0.36095279455184937	1.0	3.3370815799571574e-07	1.0	0	0.0	0	0.0	0	1.0	0.0	0.0	0.0	3.6139731491857674e-06	1.0	0.0	-1.0	3.6139731491857674e-06
0.0	2.5530166625976562	-0.3609521985054016	0.44977542757987976	0.28985923528671265	1.0	0	0.0	0	0.0	0	0.0	0.0	-1.0	1.0	0.00011974797962466255	0.0	0.00011974797962466255	-1.0	0.0
0.876414954662323	2.9891161918640137	-0.3609521985054016	0.572405219078064	0.22885705530643463	1.0	0	0.0	0	0.0	0	0.0	0.0	-1.0	1.0	0.00011973275104537606	0.0	0.00011973275104537606	-1.0	0.0
0.876414954662323	2.5530166625976562	-0.3609521985054016	0.572405219078064	0.2898738980293274	1.0	0	0.0	0	0.0	0	0.0	0.0	-1.0	1.0	0.00011957525566685945	0.0	0.00011957525566685945	-1.0	0.0
0.0	2.9891161918640137	-0.3609521985054016	0.44977542757987976	0.2288423627614975	1.0	0	0.0	0	0.0	0	0.0	0.0	-1.0	1.0	0.00011976113455602899	0.0	0.00011976113455602899	-1.0	0.0
0.15826699137687683	1.8311117887496948	0.36095279455184937	0.427641898393631	0.390859454870224	1.0	0	0.0	0	0.0	0	0.0	0.0	1.0	-1.0	-0.0004010546545032412	0.0	0.0004010546545032412	-1.0	0.0
0.0	2.0236198902130127	0.36095279455184937	0.4497753977775574	0.3639152944087982	1.0	0	0.0	0	0.0	0	0.0	0.0	1.0	-1.0	-0.0004010546545032412	0.0	0.0004010546545032412	-1.0	0.0
0.0	1.8311117887496948	0.36095279455184937	0.4497753977775574	0.39085057377815247	1.0	0	0.0	0	0.0	0	0.0	0.0	1.0	-0.9999999403953552	-0.00040105459629558027	0.0	0.00040105459629558027	-0.9999999403953552	0.0
0.0	2.0236198902130127	-0.3609521985054016	0.44977542757987976	0.36392974853515625	1.0	0	0.0	0	0.0	0	0.0	0.0	-1.0	1.0	0.00011983220611000434	0.0	0.00011983220611000434	-1.0	0.0
0.15826699137687683	1.8311117887496948	-0.3609521985054016	0.4719204604625702	0.3908671438694	1.0	0	0.0	0	0.0	0	0.0	0.0	-1.0	1.0	0.00011983219883404672	0.0	0.00011983219883404672	-1.0	0.0
0.0	1.8311117887496948	-0.3609521985054016	0.44977542757987976	0.3908644914627075	1.0	0	0.0	0	0.0	0	0.0	0.0	-1.0	1.0	0.00011983220611000434	0.0	0.00011983220611000434	-1.0	0.0
0.15826699137687683	1.8311117887496948	-0.3609521985054016	0.4719204604625702	0.3908671438694	1.0	0	0.0	0	0.0	0	0.0	-0.33336129784584045	-0.9427991509437561	1.0	0.00012061176676070318	-4.264672315912321e-05	0.00012792943743988872	-0.9427991509437561	0.33336129784584045
0.5941029787063599	1.4443970918655396	-0.22421500086784363	0.533073902130127	0.4447242021560669	1.0	14	0.0	0	0.0	0	0.0	-0.33336129784584045	-0.9427991509437561	1.0	0.00012061177403666079	-4.264672315912321e-05	0.00012792945199180394	-0.9427992105484009	0.33336129784584045
0.24278141558170319	1.4443970918655396	-0.22421500086784363	0.4839162826538086	0.44471830129623413	1.0	14	0.0	0	0.0	0	0.0	-0.33336129784584045	-0.9427991509437561	1.0	0.00012061176676070318	-4.264672315912321e-05	0.00012792943743988872	-0.9427991509437561	0.33336129784584045
0.24278141558170319	1.4443970918655396	-0.22421500086784363	0.632590651512146	0.6957760453224182	1.0	14	0.0	0	0.0	0	-1.0	0.0	0.0	0.0	0.0	-1.0	0.0	-1.0	0.0
0.24278141558170319	1.1535894870758057	0.27812013030052185	0.5623000860214233	0.7364095449447632	1.0	14	0.0	0	0.0	0	-1.0	0.0	0.0	0.0	0.0	-1.0	0.0	-1.0	0.0
0.24278141558170319	1.4443970918655396	0.27812013030052185	0.5623000860214233	0.6957760453224182	1.0	14	0.0	0	0.0	0	-1.0	0.0	0.0	0.0	0.0	-1.0	0.0	-1.0	0.0
0.15826699137687683	1.8311117887496948	0.36095279455184937	0.5507094860076904	0.6411078572273254	1.0	0	0.0	0	0.0	0	-0.9769418835639954	-0.21350541710853577	0.0	0.0	0.0	-1.0	0.21350543200969696	-0.9769419431686401	0.0
0.24278141558170319	1.4443970918655396	-0.22421500086784363	0.632590651512146	0.6957760453224182	1.0	14	0.0	0	0.0	0	-0.9769418835639954	-0.21350541710853577	0.0	0.0	0.0	-1.0	0.21350543200969696	-0.9769419431686401	0.0
0.24278141558170319	1.4443970918655396	0.27812013030052185	0.5623000860214233	0.6957760453224182	1.0	14	0.0	0	0.0	0	-0.9769418835639954	-0.21350541710853577	0.0	0.0	0.0	-1.0	0.21350543200969696	-0.9769419431686401	0.0
0.15826699137687683	1.8311117887496948	0.36095279455184937	0.427641898393631	0.390859454870224	1.0	0	0.0	0	0.0	0	0.05640329793095589	-0.14792677760124207	0.9873887300491333	-0.9983699917793274	0.000282485707430169	0.05707291141152382	-0.008721534162759781	-0.988998293876648	-0.147669717669487
0.5941029787063599	1.4443970918655396	0.27812013030052185	0.36630240082740784	0.44485342502593994	1.0	14	0.0	0	0.0	0	0.05640329793095589	-0.14792677760124207	0.9873887300491333	-0.9983699917793274	0.0002824851544573903	0.05707291141152382	-0.008721534162759781	-0.988998293876648	-0.147669717669487
0.6631506681442261	2.0236198902130127	0.36095279455184937	0.3570343852043152	0.36395251750946045	1.0	0	0.0	0	0.0	0	0.05640329793095589	-0.14792677760124207	0.9873887300491333	-0.9983699917793274	0.00028248573653399944	0.05707291141152382	-0.008721534162759781	-0.988998293876648	-0.147669717669487
0.6631506681442261	2.0236198902130127	0.36095279455184937	1.0	0.21651451289653778	1.0	0	0.0	0	0.0	0	0.9929696917533875	-0.11836942285299301	0.0	4.200691137157264e-07	3.523848363329307e-06	1.0	-0.11836942285299301	-0.9929696917533875	3.548798076735693e-06
0.5941029787063599	1.4443970918655396	-0.22421500086784363	0.9181187748908997	0.2979433536529541	1.0	14	0.0	0	0.0	0	0.9929696917533875	-0.11836942285299301	0.0	4.200691137157264e-07	3.523848363329307e-06	1.0	-0.11836942285299301	-0.9929696917533875	3.548798076735693e-06
0.6631506681442261	2.0236198902130127	-0.3609521985054016	0.8989855647087097	0.21651415526866913	1.0	0	0.0	0	0.0	0	0.9929696917533875	-0.11836942285299301	0.0	4.20069085294017e-07	3.5238481359556317e-06	1.0	-0.11836942285299301	-0.9929696917533875	3.5487978493620176e-06
0.5941029787063599	1.1535894870758057	0.27812013030052185	0.9884091019630432	0.33858540654182434	1.0	14	0.0	0	0.0	0	1.0	0.0	0.0	0.0	3.829543857136741e-06	1.0	0.0	-1.0	3.829543857136741e-06
0.5941029787063599	0.9337823390960693	-0.22421500086784363	0.918118417263031	0.36930423974990845	1.0	14	0.0	0	0.0	0	1.0	0.0	0.0	0.0	3.8206071621971205e-06	1.0	0.0	-1.0	3.8206071621971205e-06
0.5941029787063599	1.1535894870758057	-0.22421500086784363	0.9181185960769653	0.33858513832092285	1.0	14	0.0	0	0.0	0	1.0	0.0	0.0	0.0	3.822491180471843e-06	1.0	0.0	-1.0	3.822491180471843e-06
0.5941029787063599	1.4443970918655396	-0.22421500086784363	0.533073902130127	0.4447242021560669	1.0	14	0.0	0	0.0	0	0.0	0.0	-1.0	1.0	0.00012006178440060467	0.0	0.00012006178440060467	-1.0	0.0
0.24278141558170319	1.1535894870758057	-0.22421500086784363	0.4839162826538086	0.48540663719177246	1.0	14	0.0	0	0.0	0	0.0	0.0	-1.0	1.0	0.00012005207827314734	0.0	0.00012005207827314734	-1.0	0.0
0.24278141558170319	1.4443970918655396	-0.22421500086784363	0.4839162826538086	0.44471830129623413	1.0	14	0.0	0	0.0	0	0.0	0.0	-1.0	1.0	0.00012004561722278595	0.0	0.00012004561722278595	-1.0	0.0
0.5941029787063599	1.4443970918655396	0.27812013030052185	0.9884093403816223	0.2979436218738556	1.0	14	0.0	0	0.0	0	1.0	0.0	0.0	0.0	3.828120497928467e-06	1.0	0.0	-1.0	3.828120497928467e-06
0.5941029787063599	1.4443970918655396	-0.22421500086784363	0.9181187748908997	0.2979433536529541	1.0	14	0.0	0	0.0	0	1.0	0.0	0.0	0.0	3.820604433713015e-06	1.0	0.0	-1.0	3.820604433713015e-06
0.24278141558170319	1.4443970918655396	0.27812013030052185	0.4154343903064728	0.4448337256908417	1.0	14	0.0	0	0.0	0	0.0	0.0	1.0	-0.9999999403953552	-0.00040074504795484245	0.0	0.00040074504795484245	-0.9999999403953552	0.0
0.5941029787063599	1.1535894870758057	0.27812013030052185	0.36630240082740784	0.48554250597953796	1.0	14	0.0	0	0.0	0	0.0	0.0	1.0	-1.0	-0.0004007485695183277	0.0	0.0004007485695183277	-1.0	0.0
0.5941029787063599	1.4443970918655396	0.27812013030052185	0.36630240082740784	0.44485342502593994	1.0	14	0.0	0	0.0	0	0.0	0.0	1.0	-0.9999999403953552	-0.0004007509851362556	0.0	0.0004007509851362556	-0.9999999403953552	0.0
0.24278141558170319	0.9337823390960693	-0.22421500086784363	0.632590651512146	0.7671223878860474	1.0	14	0.0	0	0.0	0	-1.0	0.0	0.0	0.0	0.0	-1.0	0.0	-1.0	0.0
0.24278141558170319	0.04080390930175781	0.27812013030052185	0.5623000860214233	0.891895055770874	1.0	14	0.0	0	0.0	0	-1.0	0.0	0.0	0.0	0.0	-1.0	0.0	-1.0	0.0
0.24278141558170319	0.9337823390960693	0.27812013030052185	0.5623000860214233	0.7671223878860474	1.0	14	0.0	0	0.0	0	-1.0	0.0	0.0	0.0	0.0	-1.0	0.0	-1.0	0.0
0.24278141558170319	1.1535894870758057	0.27812013030052185	0.4154343903064728	0.4855228066444397	1.0	14	0.0	0	0.0	0	0.0	0.0	1.0	-0.9999999403953552	-0.0004009438562206924	0.0	0.0004009438562206924	-0.9999999403953552	0.0
0.5941029787063599	0.9337823390960693	0.27812013030052185	0.36630240082740784	0.5162973999977112	1.0	14	0.0	0	0.0	0	0.0	0.0	1.0	-0.9999999403953552	-0.00040116344462148845	0.0	0.00040116344462148845	-0.9999999403953552	0.0
0.24278141558170319	1.1535894870758057	-0.22421500086784363	0.632590651512146	0.7364095449447632	1.0	14	0.0	0	0.0	0	-1.0	0.0	0.0	0.0	0.0	-1.0	0.0	-1.0	0.0
0.5941029787063599	1.1535894870758057	-0.22421500086784363	0.533073902130127	0.4854125380516052	1.0	14	0.0	0	0.0	0	0.0	0.0	-1.0	1.0	0.00012006852921331301	0.0	0.00012006852921331301	-1.0	0.0
0.24278141558170319	0.9337823390960693	-0.22421500086784363	0.4839162826538086	0.5161609053611755	1.0	14	0.0	0	0.0	0	0.0	0.0	-1.0	1.0	0.00012005033931927755	0.0	0.00012005033931927755	-1.0	0.0
0.5941029787063599	0.04080390930175781	-0.22421500086784363	0.324460506439209	0.641338050365448	1.0	14	0.0	0	0.0	0	0.0	-1.0	0.0	0.9999980330467224	0.0	-0.0019803291652351618	0.0019803291652351618	0.0	0.9999980330467224
0.24278141558170319	0.04080390930175781	0.27812013030052185	0.27536147832870483	0.7114753723144531	1.0	14	0.0	0	0.0	0	0.0	-1.0	0.0	0.9999980330467224	0.0	-0.0019803300965577364	0.0019803300965577364	0.0	0.9999980330467224
0.24278141558170319	0.04080390930175781	-0.22421500086784363	0.27536147832870483	0.6412407755851746	1.0	14	0.0	0	0.0	0	0.0	-1.0	0.0	0.9999980926513672	0.0	-0.0019803277682513	0.0019803277682513	0.0	0.9999980926513672
0.5941029787063599	0.9337823390960693	-0.22421500086784363	0.533073902130127	0.5161668062210083	1.0	14	0.0	0	0.0	0	0.0	0.0	-1.0	1.0	0.00012005388271063566	0.0	0.00012005388271063566	-1.0	0.0
0.24278141558170319	0.04080390930175781	-0.22421500086784363	0.4839162826538086	0.6411019563674927	1.0	14	0.0	0	0.0	0	0.0	0.0	-1.0	1.0	0.00012001475261058658	0.0	0.00012001475261058658	-1.0	0.0
0.5941029787063599	0.9337823390960693	0.27812013030052185	0.9884089231491089	0.36930450797080994	1.0	14	0.0	0	0.0	0	1.0	0.0	0.0	0.0	3.6985861697758082e-06	1.0	0.0	-1.0	3.6985861697758082e-06
0.5941029787063599	0.04080390930175781	-0.22421500086784363	0.9181177020072937	0.4941023290157318	1.0	14	0.0	0	0.0	0	1.0	0.0	0.0	0.0	3.5685852708411403e-06	1.0	0.0	-1.0	3.5685852708411403e-06
0.5941029787063599	0.9337823390960693	-0.22421500086784363	0.918118417263031	0.36930423974990845	1.0	14	0.0	0	0.0	0	1.0	0.0	0.0	0.0	3.820604433713015e-06	1.0	0.0	-1.0	3.820604433713015e-06
0.24278141558170319	0.9337823390960693	0.27812013030052185	0.4154343903064728	0.5162776708602905	1.0	14	0.0	0	0.0	0	0.0	0.0	1.0	-0.9999999403953552	-0.00040136976167559624	0.0	0.00040136976167559624	-0.9999999403953552	0.0
0.5941029787063599	0.04080390930175781	0.27812013030052185	0.36630240082740784	0.6412407755851746	1.0	14	0.0	0	0.0	0	0.0	0.0	1.0	-1.0	-0.0004014080041088164	0.0	0.0004014080041088164	-1.0	0.0
1.095021367073059	3.7244720458984375	-0.19605785608291626	0.4719867408275604	0.9369193911552429	1.0	9	0.0	0	0.0	0	0.061386559158563614	-0.9981140494346619	0.0	0.0	0.0	1.0	-0.9981140494346619	-0.061386559158563614	0.0
2.1772146224975586	3.791029691696167	0.12840209901332855	0.5172802209854126	0.7852150797843933	1.0	9	0.0	0	0.0	0	0.061386559158563614	-0.9981140494346619	0.0	0.0	0.0	1.0	-0.9981141090393066	-0.06138656288385391	0.0
1.095021367073059	3.7244720458984375	0.196058452129364	0.5268109440803528	0.9369193911552429	1.0	9	0.0	0	0.0	0	0.061386559158563614	-0.9981140494346619	0.0	0.0	0.0	1.0	-0.9981140494346619	-0.061386559158563614	0.0
0.876414954662323	3.562255859375	0.36095279455184937	0.32720956206321716	0.14868225157260895	1.0	0	0.0	0	0.0	0	0.6021936535835266	0.0	0.7983499765396118	-0.7983311414718628	0.006885000504553318	0.6021794080734253	-0.005496640224009752	-0.9999762773513794	0.004146103747189045
1.095021367073059	4.110219955444336	0.196058452129364	0.2958648204803467	0.07174869626760483	1.0	9	0.0	0	0.0	0	0.6021936535835266	0.0	0.7983499765396118	-0.7983311414718628	0.006885000970214605	0.6021794080734253	-0.00549664068967104	-0.9999762773513794	0.004146103747189045
0.876414954662323	4.272436141967773	0.36095279455184937	0.32720956206321716	0.049315597862005234	1.0	0	0.0	0	0.0	0	0.6021936535835266	0.0	0.7983499765396118	-0.7983311414718628	0.006885000970214605	0.6021794080734253	-0.00549664068967104	-0.9999762773513794	0.004146103747189045
0.876414954662323	4.272436141967773	-0.3609521985054016	0.572405219078064	0.049301452934741974	1.0	0	0.0	0	0.0	0	0.6021936535835266	0.0	-0.7983499765396118	0.798324465751648	-0.008006934076547623	0.6021743416786194	-0.006392336450517178	-0.9999679923057556	-0.0048217251896858215
1.095021367073059	3.7244720458984375	-0.19605785608291626	0.6031985282897949	0.12566302716732025	1.0	9	0.0	0	0.0	0	0.6021936535835266	0.0	-0.7983499765396118	0.798324465751648	-0.008006934076547623	0.6021744012832642	-0.006392335519194603	-0.9999679327011108	-0.004821724724024534
0.876414954662323	3.562255859375	-0.3609521985054016	0.572405219078064	0.14866626262664795	1.0	0	0.0	0	0.0	0	0.6021936535835266	0.0	-0.7983499765396118	0.7983245253562927	-0.008006934076547623	0.6021744012832642	-0.00639233598485589	-0.9999679923057556	-0.004821724724024534
0.876414954662323	3.562255859375	-0.3609521985054016	0.449775367975235	0.9685970544815063	1.0	0	0.0	0	0.0	0	0.5959045886993408	-0.8030552864074707	0.0	-5.697843334928621e-07	-4.2280663592464407e-07	1.0	-0.8030553460121155	-0.5959045886993408	-7.095206910889829e-07
1.095021367073059	3.7244720458984375	0.196058452129364	0.5268109440803528	0.9369193911552429	1.0	9	0.0	0	0.0	0	0.5959045886993408	-0.8030552864074707	0.0	-5.697842766494432e-07	-4.228065790812252e-07	1.0	-0.8030552864074707	-0.5959045886993408	-7.09520634245564e-07
0.876414954662323	3.562255859375	0.36095279455184937	0.5507094264030457	0.9685969948768616	1.0	0	0.0	0	0.0	0	0.5959045886993408	-0.8030552864074707	0.0	-5.697842766494432e-07	-4.228065790812252e-07	1.0	-0.8030552864074707	-0.5959045886993408	-7.09520634245564e-07
2.1772146224975586	4.0436625480651855	-0.1284015029668808	0.754705548286438	0.08089430630207062	1.0	9	0.0	0	0.0	0	0.0	0.0	-1.0	1.0	0.00011955392255913466	0.0	0.00011955392255913466	-1.0	0.0
2.3308229446411133	3.791029691696167	-0.1284015029668808	0.7761987447738647	0.11624401807785034	1.0	10	0.0	0	0.0	0	0.0	0.0	-1.0	1.0	0.00011955392983509228	0.0	0.00011955392983509228	-1.0	0.0
2.1772146224975586	3.791029691696167	-0.1284015029668808	0.754705548286438	0.1162414476275444	1.0	9	0.0	0	0.0	0	0.0	0.0	-1.0	1.0	0.00011955392983509228	0.0	0.00011955392983509228	-1.0	0.0
1.095021367073059	4.110219955444336	-0.19605785608291626	0.6031985282897949	0.07169117778539658	1.0	9	0.0	0	0.0	0	0.06239599362015724	0.0	-0.9980514645576477	0.9980512261390686	-0.0007196335354819894	0.06239597871899605	-0.000718231312930584	-0.9999997615814209	-4.490224819164723e-05
2.1772146224975586	3.791029691696167	-0.1284015029668808	0.754705548286438	0.1162414476275444	1.0	9	0.0	0	0.0	0	0.06239599362015724	0.0	-0.9980514645576477	0.9980512261390686	-0.0007196335936896503	0.06239597871899605	-0.0007182313711382449	-0.9999997615814209	-4.490225182962604e-05
1.095021367073059	3.7244720458984375	-0.19605785608291626	0.6031985282897949	0.12566302716732025	1.0	9	0.0	0	0.0	0	0.06239599362015724	0.0	-0.9980514645576477	0.9980511665344238	-0.0007196334772743285	0.06239597499370575	-0.000718231254722923	-0.9999997019767761	-4.4902244553668424e-05
1.095021367073059	4.110219955444336	0.196058452129364	0.2958648204803467	0.07174869626760483	1.0	9	0.0	0	0.0	0	0.06239599734544754	0.0	0.9980514645576477	-0.9980514645576477	0.00034602853702381253	0.06239599734544754	-0.0003453542594797909	-0.9999998807907104	2.1590793039649725e-05
2.1772146224975586	3.791029691696167	0.12840209901332855	0.14420399069786072	0.11635647714138031	1.0	9	0.0	0	0.0	0	0.06239599734544754	0.0	0.9980514645576477	-0.9980514049530029	0.0003460284788161516	0.06239599362015724	-0.00034535423037596047	-0.9999999403953552	2.159079122066032e-05
2.1772146224975586	4.0436625480651855	0.12840209901332855	0.14420399069786072	0.08100873976945877	1.0	9	0.0	0	0.0	0	0.06239599734544754	0.0	0.9980514645576477	-0.9980514645576477	0.0003460284788161516	0.06239599734544754	-0.00034535423037596047	-1.0	2.159079122066032e-05
1.095021367073059	4.110219955444336	0.196058452129364	0.9760928153991699	0.6132722496986389	1.0	9	0.0	0	0.0	0	0.0613863430917263	0.9981141686439514	0.0	-0.0015757097862660885	9.690981096355245e-05	0.9999988079071045	0.9981128573417664	-0.06138626113533974	0.0015786869917064905
2.1772146224975586	4.0436625480651855	-0.1284015029668808	0.9305799007415771	0.7648912668228149	1.0	9	0.0	0	0.0	0	0.0613863430917263	0.9981141686439514	0.0	-0.0015757097862660885	9.690981823951006e-05	0.9999988079071045	0.9981128573417664	-0.06138626113533974	0.0015786869917064905
1.095021367073059	4.110219955444336	-0.19605785608291626	0.9212608933448792	0.6131856441497803	1.0	9	0.0	0	0.0	0	0.0613863430917263	0.9981141686439514	0.0	-0.0015757097862660885	9.690981823951006e-05	0.9999988079071045	0.9981128573417664	-0.06138626113533974	0.0015786869917064905
2.3308229446411133	3.791029691696167	0.12840209901332855	0.12272202223539352	0.11636508256196976	1.0	10	0.0	0	0.0	0	0.0	0.0	1.0	-0.9999999403953552	-0.00040071518742479384	0.0	0.00040071518742479384	-0.9999999403953552	0.0
3.2083547115325928	4.0436625480651855	0.12840209901332855	0.0	0.08106658607721329	1.0	10	0.0	0	0.0	0	0.0	0.0	1.0	-1.0	-0.0004010421980638057	0.0	0.0004010421980638057	-1.0	0.0
2.3308229446411133	4.0436625480651855	0.12840209901332855	0.12272202223539352	0.08101734519004822	1.0	10	0.0	0	0.0	0	0.0	0.0	1.0	-1.0	-0.0004008707473985851	0.0	0.0004008707473985851	-1.0	0.0
2.1772146224975586	3.791029691696167	0.12840209901332855	0.14420399069786072	0.11635647714138031	1.0	9	0.0	0	0.0	0	0.0	0.0	1.0	-0.9999999403953552	-0.0004003359645139426	0.0	0.0004003359645139426	-0.9999999403953552	0.0
2.3308229446411133	4.0436625480651855	0.12840209901332855	0.12272202223539352	0.08101734519004822	1.0	10	0.0	0	0.0	0	0.0	0.0	1.0	-0.9999998807907104	-0.00040033593541011214	0.0	0.00040033593541011214	-0.9999998807907104	0.0
2.1772146224975586	4.0436625480651855	0.12840209901332855	0.14420399069786072	0.08100873976945877	1.0	9	0.0	0	0.0	0	0.0	0.0	1.0	-1.0	-0.0004003360227216035	0.0	0.0004003360227216035	-1.0	0.0
2.1772146224975586	4.0436625480651855	0.12840209901332855	0.9664902091026306	0.7649479508399963	1.0	9	0.0	0	0.0	0	0.0	1.0	0.0	-0.0015835266094654799	0.0	0.9999988079071045	0.9999988079071045	0.0	0.0015835266094654799
2.3308229446411133	4.0436625480651855	-0.1284015029668808	0.9306076169013977	0.7863178849220276	1.0	10	0.0	0	0.0	0	0.0	1.0	0.0	-0.0015829954063519835	0.0	0.9999988079071045	0.9999988079071045	0.0	0.0015829954063519835
2.1772146224975586	4.0436625480651855	-0.1284015029668808	0.9305799007415771	0.7648912668228149	1.0	9	0.0	0	0.0	0	0.0	1.0	0.0	-0.0015824140282347798	0.0	0.9999988079071045	0.9999988079071045	0.0	0.0015824140282347798
2.1772146224975586	3.791029691696167	-0.1284015029668808	0.4813748896121979	0.7852150797843933	1.0	9	0.0	0	0.0	0	0.0	-1.0	0.0	0.0	0.0	1.0	-1.0	0.0	0.0
2.3308229446411133	3.791029691696167	0.12840209901332855	0.5173227190971375	0.76374751329422	1.0	10	0.0	0	0.0	0	0.0	-1.0	0.0	0.0	0.0	1.0	-1.0	0.0	0.0
2.1772146224975586	3.791029691696167	0.12840209901332855	0.5172802209854126	0.7852150797843933	1.0	9	0.0	0	0.0	0	0.0	-1.0	0.0	0.0	0.0	1.0	-1.0	0.0	0.0
3.2083547115325928	3.791029691696167	-0.1284015029668808	0.3458247482776642	0.6412407755851746	1.0	10	0.0	0	0.0	0	1.0	0.0	0.0	0.0	1.0	0.0	0.0	0.0	1.0
3.2083547115325928	4.0436625480651855	0.12840209901332855	0.38113147020339966	0.6771746873855591	1.0	10	0.0	0	0.0	0	1.0	0.0	0.0	0.0	1.0	0.0	0.0	0.0	1.0
3.2083547115325928	3.791029691696167	0.12840209901332855	0.34582480788230896	0.6771746873855591	1.0	10	0.0	0	0.0	0	1.0	0.0	0.0	0.0	1.0	0.0	0.0	0.0	1.0
2.3308229446411133	4.0436625480651855	0.12840209901332855	0.9665179252624512	0.7863746285438538	1.0	10	0.0	0	0.0	0	0.0	1.0	0.0	-0.0015841057756915689	0.0	0.9999987483024597	0.9999987483024597	0.0	0.0015841057756915689
3.2083547115325928	4.0436625480651855	-0.1284015029668808	0.9307658672332764	0.9087238311767578	1.0	10	0.0	0	0.0	0	0.0	1.0	0.0	-0.0015842143911868334	0.0	0.9999987483024597	0.9999987483024597	0.0	0.0015842143911868334
2.3308229446411133	4.0436625480651855	-0.1284015029668808	0.9306076169013977	0.7863178849220276	1.0	10	0.0	0	0.0	0	0.0	1.0	0.0	-0.0015840750420466065	0.0	0.9999988079071045	0.9999988079071045	0.0	0.0015840750420466065
2.3308229446411133	3.791029691696167	-0.1284015029668808	0.4814174175262451	0.76374751329422	1.0	10	0.0	0	0.0	0	0.0	-1.0	0.0	3.001008792580251e-07	0.0	1.0	-1.0	0.0	3.001008792580251e-07
3.2083547115325928	3.791029691696167	0.12840209901332855	0.5175657272338867	0.6411079168319702	1.0	10	0.0	0	0.0	0	0.0	-1.0	0.0	1.3558831142290728e-06	0.0	1.0	-1.0	0.0	1.3558831142290728e-06
2.3308229446411133	4.0436625480651855	-0.1284015029668808	0.7761987447738647	0.08089683949947357	1.0	10	0.0	0	0.0	0	0.0	0.0	-1.0	1.0	0.00011885195272043347	0.0	0.00011885195272043347	-1.0	0.0
3.2083547115325928	3.791029691696167	-0.1284015029668808	0.8989847898483276	0.11625872552394867	1.0	10	0.0	0	0.0	0	0.0	0.0	-1.0	1.0	0.00012008311023237184	0.0	0.00012008311023237184	-1.0	0.0
2.3308229446411133	3.791029691696167	-0.1284015029668808	0.7761987447738647	0.11624401807785034	1.0	10	0.0	0	0.0	0	0.0	0.0	-1.0	1.0	0.00011927845480386168	0.0	0.00011927845480386168	-1.0	0.0
0.2695889174938202	4.475574970245361	0.2565126121044159	0.41158413887023926	0.02068396285176277	1.0	0	0.0	0	0.0	0	0.009656297974288464	0.0	0.9999534487724304	-0.9999533891677856	-0.0002834174083545804	0.009656297974288464	0.00028340419521555305	-0.9999999403953552	-2.736762780841673e-06
0.0	4.62332820892334	0.25911596417427063	0.44929808378219604	0.0	1.0	0	0.0	0	0.0	0	0.009656297974288464	0.0	0.9999534487724304	-0.9999533891677856	-0.00028341743745841086	0.009656297042965889	0.0002834042243193835	-0.9999999403953552	-2.7367630082153482e-06
0.0	4.470458507537842	0.25911596417427063	0.44929808378219604	0.021389154717326164	1.0	0	0.0	0	0.0	0	0.009656297974288464	0.0	0.9999534487724304	-0.9999533891677856	-0.00028341743745841086	0.009656297974288464	0.0002834042243193835	-0.9999999403953552	-2.7367630082153482e-06
0.0	4.272436141967773	0.36095279455184937	0.4497753977775574	0.049266424030065536	1.0	0	0.0	0	0.0	0	-9.199429041473195e-05	0.4573364853858948	0.8892937302589417	-0.9999999403953552	-0.0003977384767495096	0.00010109823051607236	0.0003999422478955239	-0.8892936706542969	0.4573364853858948
0.2695889174938202	4.475574970245361	0.2565126121044159	0.41158413887023926	0.02068396285176277	1.0	0	0.0	0	0.0	0	-9.199429041473195e-05	0.4573364853858948	0.8892937302589417	-1.0	-0.0003977384767495096	0.00010109823051607236	0.00039994221879169345	-0.8892937302589417	0.45733651518821716
0.0	4.470458507537842	0.25911596417427063	0.44929808378219604	0.021389154717326164	1.0	0	0.0	0	0.0	0	-9.199429041473195e-05	0.4573364853858948	0.8892937302589417	-1.0	-0.0003977384767495096	0.00010109823051607236	0.00039994221879169345	-0.8892937302589417	0.45733651518821716
0.876414954662323	4.272436141967773	0.36095279455184937	0.9999329447746277	0.5810198783874512	1.0	0	0.0	0	0.0	0	0.3188444674015045	0.9477629065513611	-0.009150570258498192	-0.0007961862720549107	0.009922288358211517	0.9999504685401917	0.947806715965271	-0.31882140040397644	0.003918262664228678
0.2699994742870331	4.470458507537842	-0.2591153681278229	0.9141185283660889	0.4941026568412781	1.0	0	0.0	0	0.0	0	0.3188444674015045	0.9477629065513611	-0.009150570258498192	-0.0007961863884702325	0.009922289289534092	0.9999505281448364	0.9478067755699158	-0.31882140040397644	0.003918263129889965
0.2695889174938202	4.475574970245361	0.2565126121044159	0.9862475991249084	0.4941026568412781	1.0	0	0.0	0	0.0	0	0.3188444674015045	0.9477629065513611	-0.009150570258498192	-0.0007961865630932152	0.009922288358211517	0.9999504685401917	0.947806715965271	-0.31882140040397644	0.003918262664228678
0.2699994742870331	4.62332820892334	-0.2591153681278229	0.03773383051156998	0.6868541836738586	1.0	0	0.0	0	0.0	0	0.6014527082443237	-0.3432415723800659	-0.7214152216911316	0.5266110897064209	0.8493892550468445	0.034911930561065674	0.6007790565490723	-0.4009031057357788	0.6916221976280212
0.0	4.8202900886535645	-0.5779295563697815	0.0011990279890596867	0.6412407159805298	1.0	0	0.0	0	0.0	0	0.6014527082443237	-0.3432415723800659	-0.7214152216911316	0.5266110897064209	0.8493891954421997	0.034911930561065674	0.6007789969444275	-0.4009030759334564	0.6916221976280212
0.45573312044143677	4.672844409942627	-0.12782621383666992	0.06410156935453415	0.7048888802528381	1.0	0	0.0	0	0.0	0	0.6014527082443237	-0.3432415723800659	-0.7214152216911316	0.5266110897064209	0.8493891954421997	0.034911930561065674	0.6007789969444275	-0.4009030759334564	0.6916221976280212
0.2695889174938202	4.475574970245361	0.2565126121044159	0.3451126515865326	0.641605019569397	1.0	0	0.0	0	0.0	0	0.9999961256980896	-0.0027786544524133205	0.0	-0.0027786544524133205	-0.9999961853027344	1.0960436611640034e-06	-3.045526497658102e-09	-1.0960394547510077e-06	-1.0
0.2699994742870331	4.62332820892334	-0.2591153681278229	0.32446056604385376	0.7137556076049805	1.0	0	0.0	0	0.0	0	0.9999961256980896	-0.0027786544524133205	0.0	-0.0027786544524133205	-0.9999961256980896	1.0960435474771657e-06	-3.045526275613497e-09	-1.09603934106417e-06	-1.0
0.2699994742870331	4.62332820892334	0.25911596417427063	0.32446056604385376	0.6412407159805298	1.0	0	0.0	0	0.0	0	0.9999961256980896	-0.0027786544524133205	0.0	-0.0027786544524133205	-0.9999961256980896	1.0960435474771657e-06	-3.045526275613497e-09	-1.09603934106417e-06	-1.0
0.0	4.470458507537842	-0.2591153681278229	0.44990232586860657	0.02138875424861908	1.0	0	0.0	0	0.0	0	0.0	0.0	-1.0	1.0	0.00012010696809738874	0.0	0.00012010696809738874	-1.0	0.0
0.2699994742870331	4.62332820892334	-0.2591153681278229	0.48768121004104614	4.537142103799852e-06	1.0	0	0.0	0	0.0	0	0.0	0.0	-1.0	1.0	0.00012010869977530092	0.0	0.00012010869977530092	-1.0	0.0
0.2699994742870331	4.470458507537842	-0.2591153681278229	0.48768121004104614	0.021393291652202606	1.0	0	0.0	0	0.0	0	0.0	0.0	-1.0	1.0	0.00012011034414172173	0.0	0.00012011034414172173	-1.0	0.0
0.0	4.8202900886535645	-0.5779295563697815	0.2110811024904251	0.7066720724105835	1.0	0	0.0	0	0.0	0	0.6564462184906006	-0.19533373415470123	-0.7286446690559387	0.7419850826263428	-0.0071386066265404224	0.6703784465789795	-0.13614903390407562	-0.9807108640670776	0.1402485966682434
0.45573312044143677	5.285248279571533	-0.29199832677841187	0.2753615081310272	0.641240656375885	1.0	0	0.0	0	0.0	0	0.6564462184906006	-0.19533373415470123	-0.7286446690559387	0.741985023021698	-0.007138613145798445	0.6703784465789795	-0.13614904880523682	-0.9807108640670776	0.1402485966682434
0.45573312044143677	4.672844409942627	-0.12782621383666992	0.2753615081310272	0.7266163229942322	1.0	0	0.0	0	0.0	0	0.6564462184906006	-0.19533373415470123	-0.7286446690559387	0.741985023021698	-0.00713861221447587	0.6703784465789795	-0.13614903390407562	-0.9807108640670776	0.1402485966682434
0.0	4.62332820892334	0.25911596417427063	0.0002672252885531634	0.759375274181366	1.0	0	0.0	0	0.0	0	0.011774890124797821	-0.947942316532135	-0.3182244300842285	0.9999292492866516	0.011690828017890453	0.0021740207448601723	0.0016594608314335346	-0.31822752952575684	0.9480129480361938
0.45573312044143677	4.672844409942627	0.12847769260406494	0.06423375010490417	0.7407240867614746	1.0	0	0.0	0	0.0	0	0.011774890124797821	-0.947942316532135	-0.3182244300842285	0.9999292492866516	0.011690828017890453	0.0021740207448601723	0.0016594608314335346	-0.31822752952575684	0.9480129480361938
0.0	4.573709487915039	0.4069226086139679	-3.761610756214395e-08	0.7803187370300293	1.0	0	0.0	0	0.0	0	0.011774890124797821	-0.947942316532135	-0.3182244300842285	0.9999293088912964	0.011690828017890453	0.0021740205120295286	0.0016594608314335346	-0.31822749972343445	0.9480128884315491
0.2699994742870331	4.62332820892334	0.25911596417427063	0.038001079112291336	0.7593108415603638	1.0	0	0.0	0	0.0	0	0.2576006352901459	-0.9662514925003052	0.0	0.9661824107170105	0.2575822174549103	0.01196274533867836	-0.0115590188652277	-0.0030816104263067245	0.9999284148216248
0.45573312044143677	4.672844409942627	-0.12782621383666992	0.06410156935453415	0.7048888802528381	1.0	0	0.0	0	0.0	0	0.2576006352901459	-0.9662514925003052	0.0	0.9661824107170105	0.2575822174549103	0.01196274533867836	-0.0115590188652277	-0.0030816104263067245	0.9999284148216248
0.45573312044143677	4.672844409942627	0.12847769260406494	0.06423375010490417	0.7407240867614746	1.0	0	0.0	0	0.0	0	0.2576006352901459	-0.9662514925003052	0.0	0.9661824107170105	0.2575822174549103	0.011962746270000935	-0.011559019796550274	-0.003081610659137368	0.9999284148216248
0.45573312044143677	5.285248279571533	-0.29199832677841187	0.7145548462867737	0.7407480478286743	1.0	0	0.0	0	0.0	0	0.27823328971862793	0.9605135321617126	0.0	0.9601072072982788	-0.2781156003475189	0.029084449633955956	0.02793600782752037	-0.008092261850833893	-0.999576985836029
0.0	5.417261123657227	0.4069226086139679	0.6517239809036255	0.6411078572273254	1.0	0	0.0	0	0.0	0	0.27823328971862793	0.9605135321617126	0.0	0.9601072072982788	-0.2781156003475189	0.029084453359246254	0.02793601155281067	-0.008092262782156467	-0.999576985836029
0.45573312044143677	5.285248279571533	0.2926498055458069	0.7163735032081604	0.6590133905410767	1.0	0	0.0	0	0.0	0	0.27823328971862793	0.9605135321617126	0.0	0.9601072072982788	-0.2781156301498413	0.029084451496601105	0.02793600969016552	-0.008092262782156467	-0.999576985836029
0.0	4.573709487915039	0.4069226086139679	0.1292726844549179	0.7592684626579285	1.0	0	0.0	0	0.0	0	0.24321572482585907	0.0	0.9699723124504089	-0.9699692130088806	0.0025219761300832033	0.243214949965477	-0.002446246799081564	-0.9999968409538269	0.0006133841816335917
0.45573312044143677	5.285248279571533	0.2926498055458069	0.06500323861837387	0.6595458984375	1.0	0	0.0	0	0.0	0	0.24321572482585907	0.0	0.9699723124504089	-0.9699692130088806	0.0025219758972525597	0.243214949965477	-0.0024462465662509203	-0.9999968409538269	0.0006133841234259307
0.0	5.417261123657227	0.4069226086139679	0.1292726844549179	0.6412407755851746	1.0	0	0.0	0	0.0	0	0.24321572482585907	0.0	0.9699723124504089	-0.9699692130088806	0.0025219758972525597	0.243214949965477	-0.0024462465662509203	-0.9999968409538269	0.0006133841234259307
0.45573312044143677	4.672844409942627	-0.12782621383666992	0.1522446870803833	0.7268271446228027	1.0	0	0.0	0	0.0	0	1.0	0.0	0.0	0.0	8.799007673587766e-07	1.0	0.0	-1.0	8.799007673587766e-07
0.45573312044143677	5.285248279571533	0.2926498055458069	0.21108108758926392	0.6412407755851746	1.0	0	0.0	0	0.0	0	1.0	0.0	0.0	0.0	4.319020945331431e-07	1.0	0.0	-1.0	4.319020945331431e-07
0.45573312044143677	4.672844409942627	0.12847769260406494	0.1881086826324463	0.7268272042274475	1.0	0	0.0	0	0.0	0	1.0	0.0	0.0	0.0	1.6640168496451224e-06	1.0	0.0	-1.0	1.6640168496451224e-06
0.0	1.8311117887496948	0.36095279455184937	0.7163735032081604	0.7420419454574585	1.0	0	0.0	0	0.0	0	0.0	-1.0	0.0	-0.9999980926513672	0.0	-0.0019797999411821365	0.0019797999411821365	0.0	-0.9999980926513672
-0.15826699137687683	1.8311117887496948	-0.3609521985054016	0.7384921312332153	0.6411516666412354	1.0	0	0.0	0	0.0	0	0.0	-1.0	0.0	-0.9999980926513672	0.0	-0.0019798665307462215	0.0019798665307462215	0.0	-0.9999980926513672
0.0	1.8311117887496948	-0.3609521985054016	0.7163735032081604	0.6411078572273254	1.0	0	0.0	0	0.0	0	0.0	-1.0	0.0	-0.9999980330467224	0.0	-0.0019798793364316225	0.0019798793364316225	0.0	-0.9999980330467224
-0.6631506681442261	2.0236198902130127	0.36095279455184937	1.0	0.21651451289653778	1.0	0	0.0	0	0.0	0	-0.927564263343811	-0.37366363406181335	0.0	-1.3999291468280717e-06	3.4751155908452347e-06	1.0	-0.37366363406181335	0.927564263343811	-3.7464956221811008e-06
-0.876414954662323	2.5530166625976562	-0.3609521985054016	0.8989847898483276	0.14104606211185455	1.0	0	0.0	0	0.0	0	-0.927564263343811	-0.37366363406181335	0.0	-1.3999292605149094e-06	3.47511581821891e-06	1.0	-0.37366363406181335	0.927564263343811	-3.7464958495547762e-06
-0.6631506681442261	2.0236198902130127	-0.3609521985054016	0.8989855647087097	0.21651415526866913	1.0	0	0.0	0	0.0	0	-0.927564263343811	-0.37366363406181335	0.0	-1.3999291468280717e-06	3.4751155908452347e-06	1.0	-0.37366363406181335	0.927564263343811	-3.7464956221811008e-06
-0.6631506681442261	2.0236198902130127	-0.3609521985054016	0.5425648093223572	0.3639408349990845	1.0	0	0.0	0	0.0	0	0.0	0.0	-1.0	-1.0	0.00011955554509768263	0.0	0.00011955554509768263	1.0	0.0
0.0	2.5530166625976562	-0.3609521985054016	0.44977542757987976	0.28985923528671265	1.0	0	0.0	0	0.0	0	0.0	0.0	-1.0	-1.0	0.00011963927681790665	0.0	0.00011963927681790665	1.0	0.0
